0 31.8205 -1.72506 30.2896
1 31.0152 -7.37014 27.506
2 29.189 -12.7185 30.2227
3 26.3636 -17.7175 27.3682
4 22.9082 -22.0912 30.0602
5 18.6186 -25.8925 27.3061
6 13.6054 -28.6951 29.9211
7 8.23019 -30.6745 27.2236
8 2.44836 -31.7151 29.957
9 -3.11697 -31.5154 27.3862
10 -8.67869 -30.4868 30.086
11 -13.9792 -28.3839 27.2025
12 -18.83 -25.4567 30.0039
13 -23.1386 -21.6255 27.2879
14 -26.6298 -17.1595 30.1507
15 -29.3171 -12.0367 27.3401
16 31.816 -1.75684 35.5123
17 30.9885 -7.16581 32.7266
18 29.1507 -12.6651 35.5642
19 26.4386 -17.7568 32.7846
20 22.7361 -22.2645 35.6144
21 18.454 -25.9159 32.6574
22 13.5213 -28.7707 35.6099
23 8.06006 -30.7284 32.7972
24 2.51269 -31.7094 35.4316
25 -3.27581 -31.5692 32.816
26 -8.87032 -30.4599 35.5842
27 -14.0971 -28.4085 32.7618
28 -18.9199 -25.453 35.4459
29 -23.2013 -21.6385 32.8038
30 -26.7798 -17.0386 35.4371
31 -29.3456 -12.0324 32.792
32 32.3191 -1.78358 40.9402
33 31.0458 -7.28346 38.319
34 29.5697 -13.0987 40.981
35 26.3963 -17.7117 38.3093
36 23.1609 -22.5166 40.9883
37 18.4371 -25.8889 38.299
38 13.6918 -29.2393 41.008
39 8.15738 -30.6775 38.2579
40 2.52274 -32.1741 41.059
41 -3.24151 -31.5655 38.2613
42 -8.9091 -30.92 41.0326
43 -14.1272 -28.4232 38.2483
44 -19.2305 -25.794 40.9234
45 -23.1661 -21.6307 38.4775
46 -27.1421 -17.3076 40.9674
47 -29.428 -11.9982 38.2795
48 32.2943 -1.90794 46.5775
49 31.4488 -7.58708 43.8109
50 29.6371 -12.9575 46.5383
51 26.8421 -18.0097 43.7312
52 23.1264 -22.5116 46.5125
53 18.6135 -26.322 43.7631
54 13.7532 -29.1542 46.6653
55 8.20513 -31.19 43.6538
56 2.47498 -32.1681 46.5403
57 -3.27391 -32.0338 43.723
58 -8.99386 -30.9335 46.472
59 -14.3715 -28.8258 43.7264
60 -19.241 -25.7907 46.4851
61 -23.6901 -21.8042 43.5579
62 -27.119 -17.3224 46.4795
63 -29.8306 -12.0871 43.8211
64 32.301 -1.90008 52.0256
65 31.4744 -7.44373 49.2882
66 29.5729 -13.0318 52.0169
67 26.6463 -18.3018 49.1479
68 23.1254 -22.5065 52.0914
69 18.7085 -26.2662 49.3345
70 13.6215 -29.1901 52.1209
71 8.23631 -31.1581 49.2939
72 2.48471 -32.1422 52.0111
73 -3.26177 -32.0527 49.2411
74 -8.96683 -30.9428 52.0348
75 -14.3119 -28.8397 49.2914
76 -19.3915 -25.7059 51.8749
77 -23.5646 -21.8923 49.288
78 -27.0823 -17.2888 52.0319
79 -29.8353 -12.1246 49.2715
80 32.2845 -1.87651 57.4967
81 31.4619 -7.60172 54.7844
82 29.5175 -13.0879 57.4501
83 26.7718 -18.0976 54.8151
84 23.094 -22.6042 57.5148
85 18.7409 -26.2583 54.9159
86 13.6487 -29.2152 57.564
87 8.2523 -31.1612 54.7853
88 2.5654 -32.1285 57.5608
89 -3.23219 -32.0891 54.7648
90 -9.05993 -30.9434 57.4033
91 -14.3688 -28.8087 54.7214
92 -19.2228 -25.8284 57.475
93 -23.5902 -21.8942 54.7052
94 -27.1246 -17.329 57.5195
95 -29.8348 -12.1506 54.791
96 32.3033 -1.9262 63.0244
97 31.4521 -7.57353 60.2975
98 29.5729 -13.043 63.0186
99 26.804 -18.0993 60.2975
100 23.1671 -22.4857 63.1016
101 18.6577 -26.324 60.3424
102 13.5979 -29.2523 63.1267
103 8.10105 -31.2158 60.2534
104 2.52564 -32.1361 63.0381
105 -3.26257 -32.0691 60.2513
106 -8.94498 -30.9599 63.0459
107 -14.3226 -28.8654 60.2368
108 -19.2398 -25.8161 63.0486
109 -23.6065 -21.8973 60.3214
110 -27.1464 -17.299 63.0251
111 -29.8813 -12.0511 60.3484
112 32.2958 -1.84258 68.4929
113 31.4823 -7.53107 65.7658
114 29.6311 -12.9787 68.604
115 26.796 -17.9756 65.8419
116 23.0045 -22.6461 68.7014
117 18.6891 -26.2539 65.8188
118 13.591 -29.2888 68.6044
119 8.1921 -31.2168 65.8176
120 2.49686 -32.1756 68.5771
121 -3.22212 -32.0602 65.8049
122 -8.95619 -30.9682 68.5235
123 -14.3896 -28.8378 65.7465
124 -19.2645 -25.7857 68.4564
125 -23.5661 -21.9128 65.7438
126 -27.1019 -17.3558 68.4989
127 -29.8647 -12.1752 65.713
128 31.7238 -1.8149 74.0438
129 31.4518 -7.44412 71.2506
130 29.1125 -12.7731 74.0718
131 26.6914 -18.146 71.344
132 22.6782 -22.2045 74.0752
133 18.6499 -26.3172 71.3217
134 13.4504 -28.7209 74.0292
135 8.30905 -31.2156 71.2873
136 2.46951 -31.6329 74.0293
137 -3.21464 -32.0454 71.1979
138 -8.79843 -30.4467 74.0256
139 -14.3447 -28.859 71.2453
140 -18.9749 -25.3371 74.1472
141 -23.5695 -21.9521 71.2477
142 -26.7437 -16.9457 73.9859
143 -29.8158 -12.2118 71.1995
144 31.7328 -1.81255 79.4599
145 30.9131 -7.40277 76.7877
146 29.1005 -12.7669 79.5453
147 26.3074 -17.7738 76.832
148 22.5917 -22.2794 79.5392
149 18.2977 -25.8839 76.8962
150 13.4015 -28.781 79.6717
151 8.11109 -30.6925 76.7689
152 2.47375 -31.6367 79.5127
153 -3.25492 -31.5508 76.8199
154 -8.71536 -30.5003 79.4792
155 -14.2518 -28.305 76.7681
156 -18.9552 -25.3671 79.5809
157 -23.1089 -21.5844 76.7981
158 -26.6896 -17.0271 79.4381
159 -29.3633 -11.8993 76.7572
160 31.7578 -1.85588 85.0153
161 30.8604 -7.49351 82.3487
162 29.0841 -12.8698 85.1121
163 26.3434 -17.7228 82.3331
164 22.685 -22.1587 85.0255
165 18.2352 -25.9386 82.3336
166 13.4228 -28.7701 85.119
167 8.10121 -30.6942 82.2891
168 2.48322 -31.6288 85.0596
169 -3.27559 -31.5794 82.2829
170 -8.79243 -30.4669 84.953
171 -14.0498 -28.4252 82.2882
172 -19.0028 -25.3291 84.908
173 -23.1477 -21.6039 82.1642
174 -26.7173 -16.9938 84.9318
175 -29.3403 -11.9909 82.1512
176 31.7429 -1.94311 90.5512
177 30.8881 -7.4118 87.8334
178 29.0595 -12.8483 90.5262
179 26.3045 -17.7918 87.768
180 22.6341 -22.2515 90.4974
181 18.3325 -25.8863 87.8108
182 13.3554 -28.819 90.6381
183 8.07439 -30.7069 87.8075
184 2.45122 -31.6561 90.5516
185 -3.17447 -31.5869 87.6922
186 -8.77331 -30.4876 90.5244
187 -14.0747 -28.4262 87.724
188 -18.9309 -25.3717 90.5415
189 -23.1792 -21.5483 87.7497
190 -26.6752 -17.0101 90.4939
191 -29.3374 -11.9412 87.6267
192 31.7134 -1.91407 96.0365
193 30.9263 -7.30375 93.2451
194 29.0848 -12.7855 96.0721
195 26.3772 -17.7352 93.2564
196 22.6932 -22.1657 96.0526
197 18.2705 -25.9327 93.2503
198 13.4413 -28.746 96.0514
199 8.14804 -30.7172 93.2463
200 2.43581 -31.6635 96.0602
201 -3.3255 -31.5552 93.0767
202 -8.79734 -30.4939 96.021
203 -14.0616 -28.4299 93.176
204 -18.9227 -25.3686 96.0195
205 -23.1815 -21.561 93.1165
206 -26.6661 -17.0366 96.0205
207 -29.2962 -12.0093 93.2334
208 31.7285 -1.84885 101.518
209 30.9053 -7.43089 98.783
210 29.0887 -12.7812 101.529
211 26.3176 -17.7476 98.691
212 22.6708 -22.192 101.583
213 18.2431 -25.9552 98.7442
214 13.4336 -28.7965 101.528
215 8.09746 -30.7527 98.7249
216 2.45854 -31.6583 101.526
217 -3.21588 -31.5811 98.7579
218 -8.77344 -30.5176 101.487
219 -14.0514 -28.4051 98.6829
220 -18.8882 -25.4253 101.448
221 -23.1835 -21.5392 98.7561
222 -26.6973 -16.9842 101.564
223 -29.3109 -11.9938 98.7583
224 31.7197 -1.91579 107.007
225 30.8863 -7.41837 104.257
226 29.0407 -12.851 107.005
227 26.2477 -17.819 104.265
228 22.6395 -22.2332 106.977
229 18.2505 -25.9665 104.327
230 13.3097 -28.8875 107.02
231 8.10928 -30.7399 104.269
232 2.43992 -31.6584 106.917
233 -3.19456 -31.6037 104.246
234 -8.77159 -30.5123 106.95
235 -14.091 -28.4174 104.086
236 -18.8406 -25.4681 106.878
237 -23.2127 -21.5311 104.299
238 -26.6458 -17.037 106.931
239 -29.3141 -12.007 104.218
240 31.7343 -1.80518 112.514
241 30.8967 -7.4128 109.836
242 29.0642 -12.8541 112.484
243 26.3165 -17.8246 109.692
244 22.6596 -22.2724 112.415
245 18.286 -25.9691 109.752
246 13.4334 -28.8143 112.448
247 8.03565 -30.7714 109.783
248 2.44082 -31.6977 112.537
249 -3.29692 -31.6018 109.74
250 -8.82861 -30.5143 112.471
251 -14.1649 -28.3289 109.57
252 -18.9632 -25.3829 112.544
253 -23.2167 -21.5365 109.718
254 -26.6943 -17.0068 112.476
255 -29.2729 -12.0772 109.787
256 31.8208 -1.3261 -30.0897
257 31.0524 -6.97701 -27.1556
258 29.2096 -12.4708 -29.9858
259 26.4231 -17.5057 -27.2197
260 22.8867 -21.9256 -29.9145
261 18.5062 -25.7057 -27.204
262 13.6195 -28.5825 -29.9338
263 7.97863 -30.6248 -27.4316
264 2.66476 -31.5352 -29.9327
265 -3.23463 -31.4989 -27.2465
266 -8.64287 -30.503 -29.811
267 -14.0561 -28.4519 -27.1172
268 -18.8128 -25.5285 -29.7717
269 -23.1968 -21.674 -27.1282
270 -26.7426 -17.1492 -29.8813
271 -29.4378 -12.0572 -27.0681
272 31.8232 -1.58485 -35.5986
273 31.0138 -7.01203 -32.7243
274 29.1969 -12.5548 -35.3821
275 26.4008 -17.6529 -32.6868
276 22.8178 -22.0442 -35.4543
277 18.5736 -25.7385 -32.6674
278 13.64 -28.6071 -35.4326
279 8.21415 -30.5861 -32.8693
280 2.3922 -31.597 -35.4431
281 -3.20756 -31.502 -32.6799
282 -8.75329 -30.4758 -35.4404
283 -14.0359 -28.3716 -32.631
284 -18.9655 -25.4463 -35.3255
285 -23.2642 -21.587 -32.5966
286 -26.7705 -17.1018 -35.3618
287 -29.3801 -12.018 -32.5913
288 32.3374 -1.59419 -40.9338
289 30.9931 -7.20976 -38.2983
290 29.6225 -12.8761 -40.854
291 26.3646 -17.6652 -38.1843
292 23.1928 -22.4111 -40.8851
293 18.5741 -25.7103 -38.185
294 13.7521 -29.0871 -40.8579
295 8.25036 -30.5771 -38.1235
296 2.67738 -32.0454 -40.8803
297 -3.01355 -31.4775 -38.167
298 -8.72167 -30.9531 -40.8636
299 -14.1836 -28.3756 -38.124
300 -19.1744 -25.808 -40.8161
301 -23.2401 -21.5687 -38.1039
302 -27.0998 -17.4114 -40.8399
303 -29.3588 -12.029 -38.0558
304 32.3201 -1.57308 -46.3997
305 31.493 -7.30966 -43.6043
306 29.6049 -12.8797 -46.4259
307 26.8094 -17.9697 -43.6895
308 23.1953 -22.3862 -46.3742
309 18.8506 -26.1505 -43.5948
310 13.7311 -29.1025 -46.3562
311 8.26544 -31.1221 -43.5897
312 2.53145 -32.0541 -46.4858
313 -3.11989 -32.0257 -43.63
314 -8.8578 -30.9421 -46.4558
315 -14.1612 -28.8817 -43.5844
316 -19.1444 -25.8066 -46.3236
317 -23.5152 -21.9733 -43.5859
318 -27.1089 -17.4053 -46.3833
319 -29.7855 -12.287 -43.5804
320 32.3181 -1.67649 -51.979
321 31.4767 -7.40832 -49.1869
322 29.5851 -12.9219 -51.9358
323 26.8098 -17.9522 -49.1843
324 23.1528 -22.4314 -51.9016
325 18.7583 -26.2033 -49.1681
326 13.7154 -29.1192 -51.8641
327 8.26338 -31.0875 -49.0865
328 2.59831 -32.0515 -51.8762
329 -3.10072 -32.0344 -49.1137
330 -8.80629 -30.9711 -51.8805
331 -14.1951 -28.8208 -49.1219
332 -19.1818 -25.8234 -51.8743
333 -23.4873 -21.9617 -49.0863
334 -27.1141 -17.3817 -51.8882
335 -29.774 -12.2316 -49.1238
336 32.3165 -1.57907 -57.3604
337 31.4546 -7.41621 -54.6875
338 29.6231 -12.8787 -57.3876
339 26.826 -17.9586 -54.6577
340 23.1533 -22.4372 -57.386
341 18.8008 -26.1928 -54.6446
342 13.7323 -29.1332 -57.3621
343 8.34247 -31.0871 -54.5197
344 2.63325 -32.0852 -57.3458
345 -3.18012 -32.0353 -54.6657
346 -8.88614 -30.9354 -57.4322
347 -14.2509 -28.8221 -54.6548
348 -19.1744 -25.8457 -57.3664
349 -23.528 -21.9561 -54.6201
350 -27.0685 -17.416 -57.3434
351 -29.7583 -12.2618 -54.6288
352 32.3156 -1.66176 -62.9517
353 31.4622 -7.40189 -60.142
354 29.5932 -12.9058 -62.8939
355 26.8168 -17.9526 -60.119
356 23.1582 -22.4596 -62.9106
357 18.771 -26.2133 -60.1304
358 13.6864 -29.1456 -62.8961
359 8.27894 -31.1148 -60.0841
360 2.58492 -32.1147 -62.8644
361 -3.17636 -32.0412 -60.1826
362 -8.84659 -30.9794 -62.9212
363 -14.2215 -28.8727 -60.1339
364 -19.2206 -25.827 -62.9002
365 -23.486 -21.9957 -60.092
366 -27.0822 -17.3931 -62.8797
367 -29.7748 -12.2413 -60.1676
368 32.2707 -1.72301 -68.4967
369 31.4244 -7.42841 -65.6972
370 29.54 -12.9441 -68.4462
371 26.7731 -18.0268 -65.7144
372 23.1408 -22.4636 -68.4071
373 18.7757 -26.1625 -65.5821
374 13.6749 -29.1564 -68.3793
375 8.26287 -31.1184 -65.5727
376 2.55971 -32.1077 -68.3525
377 -3.2896 -32.0087 -65.7032
378 -8.86246 -30.957 -68.4213
379 -14.3325 -28.8419 -65.7113
380 -19.1867 -25.8529 -68.3699
381 -23.5432 -21.95 -65.6621
382 -27.0622 -17.4499 -68.3579
383 -29.7807 -12.2493 -65.6679
384 31.7573 -1.65152 -73.9312
385 31.4345 -7.42533 -71.1471
386 29.0936 -12.7144 -73.9004
387 26.7966 -18.0026 -71.1729
388 22.7401 -22.1031 -73.9489
389 18.7135 -26.2252 -71.1919
390 13.4841 -28.6657 -73.8777
391 8.2528 -31.1196 -71.1107
392 2.4879 -31.5522 -73.8491
393 -3.19026 -32.0188 -71.141
394 -8.60986 -30.4817 -73.8266
395 -14.1988 -28.8653 -71.0483
396 -18.8504 -25.4222 -73.8537
397 -23.5214 -21.9866 -71.1264
398 -26.627 -17.1216 -73.8852
399 -29.7476 -12.2573 -71.1361
400 31.7587 -1.5925 -79.423
401 30.8884 -7.3271 -76.6848
402 29.0844 -12.7201 -79.4003
403 26.3156 -17.738 -76.7049
404 22.746 -22.1016 -79.4301
405 18.4366 -25.7929 -76.6868
406 13.4482 -28.6886 -79.4055
407 8.10739 -30.6273 -76.6182
408 2.52603 -31.6013 -79.3664
409 -3.11076 -31.5135 -76.6099
410 -8.6966 -30.4721 -79.4131
411 -13.9815 -28.3932 -76.6012
412 -18.8267 -25.4007 -79.3072
413 -23.1041 -21.6619 -76.626
414 -26.6208 -17.1576 -79.3607
415 -29.248 -12.0837 -76.5934
416 31.7429 -1.65533 -84.9748
417 30.8956 -7.31471 -82.1557
418 29.0559 -12.7698 -84.9373
419 26.3106 -17.7445 -82.1975
420 22.7427 -22.0998 -84.9209
421 18.4232 -25.802 -82.1584
422 13.5109 -28.6848 -84.8542
423 8.06968 -30.6231 -82.1446
424 2.52461 -31.5964 -84.8566
425 -3.12933 -31.5335 -82.1652
426 -8.71524 -30.4683 -84.92
427 -13.9977 -28.4158 -82.1274
428 -18.8697 -25.4294 -84.8663
429 -23.1597 -21.6166 -82.1996
430 -26.6119 -17.1774 -84.856
431 -29.2379 -12.073 -82.1397
432 31.7204 -1.64312 -90.4514
433 30.8827 -7.29437 -87.6343
434 29.0757 -12.6985 -90.4039
435 26.3416 -17.7016 -87.6383
436 22.7181 -22.0988 -90.4032
437 18.3935 -25.8233 -87.659
438 13.4731 -28.6958 -90.3754
439 8.15931 -30.6273 -87.563
440 2.42082 -31.6018 -90.4673
441 -3.19349 -31.5251 -87.6376
442 -8.66151 -30.5131 -90.3988
443 -14.0209 -28.4119 -87.6347
444 -18.8441 -25.4478 -90.3359
445 -23.0933 -21.6821 -87.6293
446 -26.6195 -17.1332 -90.4116
447 -29.2256 -12.1031 -87.5744
448 31.7155 -1.8029 -96.0728
449 30.8602 -7.35541 -93.1801
450 29.064 -12.6992 -95.9053
451 26.3125 -17.7122 -93.1646
452 22.6811 -22.1469 -95.9374
453 18.4137 -25.8122 -93.1607
454 13.4445 -28.7141 -95.9166
455 8.0839 -30.65 -93.128
456 2.54587 -31.6016 -95.8409
457 -3.20169 -31.5386 -93.2088
458 -8.74787 -30.4769 -95.9692
459 -14.0086 -28.3875 -93.1774
460 -18.8386 -25.4748 -95.8247
461 -23.0592 -21.7292 -93.0795
462 -26.655 -17.1396 -95.9417
463 -29.248 -12.0641 -93.134
464 31.7292 -1.71223 -101.504
465 30.8835 -7.33594 -98.6884
466 29.063 -12.7361 -101.366
467 26.2964 -17.7598 -98.7004
468 22.7338 -22.1101 -101.376
469 18.4327 -25.7918 -98.5883
470 13.4699 -28.692 -101.381
471 8.05423 -30.657 -98.6362
472 2.50104 -31.6257 -101.4
473 -3.19282 -31.5344 -98.6983
474 -8.70867 -30.5177 -101.432
475 -14.0085 -28.4005 -98.6337
476 -18.869 -25.435 -101.384
477 -23.1072 -21.6974 -98.6343
478 -26.6396 -17.1632 -101.408
479 -29.2345 -12.0998 -98.6486
480 31.7242 -1.77287 -107.07
481 30.8682 -7.35754 -104.197
482 29.0236 -12.7922 -106.978
483 26.2795 -17.778 -104.217
484 22.694 -22.1604 -106.946
485 18.3508 -25.8702 -104.207
486 13.445 -28.7246 -106.884
487 8.04511 -30.6674 -104.117
488 2.49609 -31.633 -106.905
489 -3.18515 -31.5683 -104.229
490 -8.70159 -30.5263 -106.966
491 -14.0138 -28.4416 -104.14
492 -18.8419 -25.5092 -106.861
493 -23.0798 -21.6952 -104.156
494 -26.6495 -17.1829 -106.911
495 -29.2529 -12.1228 -104.12
496 31.7304 -1.7024 -112.478
497 30.8961 -7.34524 -109.676
498 29.0538 -12.7337 -112.409
499 26.2333 -17.8369 -109.791
500 22.7011 -22.1648 -112.41
501 18.3836 -25.8515 -109.675
502 13.4569 -28.7221 -112.364
503 8.08833 -30.6614 -109.58
504 2.47266 -31.6845 -112.423
505 -3.18914 -31.5859 -109.715
506 -8.68132 -30.5464 -112.424
507 -14.0462 -28.413 -109.662
508 -18.9238 -25.4471 -112.467
509 -23.1378 -21.677 -109.7
510 -26.6084 -17.2859 -112.349
511 -29.2958 -12.1016 -109.706
